// Game: FALLSTRUKTUR - SURFSTRUKTUR
// Format: Standard
// entity 0
{
"classname" "worldspawn"
"_tb_mod" "textures"
// brush 0
{
( -128 -64 -16 ) ( -128 -63 -16 ) ( -128 -64 -15 ) defaultTextures/dirtyConcrete_seamless 0 0 0 1 1
( -64 -128 -16 ) ( -64 -128 -15 ) ( -63 -128 -16 ) defaultTextures/dirtyConcrete_seamless 0 0 0 1 1
( -64 -64 -16 ) ( -63 -64 -16 ) ( -64 -63 -16 ) defaultTextures/dirtyConcrete_seamless 0 0 0 1 1
( 64 64 16 ) ( 64 65 16 ) ( 65 64 16 ) defaultTextures/dirtyConcrete_seamless 0 0 0 1 1
( 64 128 16 ) ( 65 128 16 ) ( 64 128 17 ) defaultTextures/dirtyConcrete_seamless 0 0 0 1 1
( 128 64 16 ) ( 128 64 17 ) ( 128 65 16 ) defaultTextures/dirtyConcrete_seamless 0 0 0 1 1
}
}
