// Game: Neverball
// Format: Quake3
// entity 0
{
"classname" "worldspawn"
// brush 0
{
( 45.830297 1.193438 0.000000 ) ( 29.500000 23.300000 0.000000 ) ( 29.500000 23.300000 8.000000 ) mtrl/invisible 0 0 0 0.5 0.5 0 0 0
( 29.500000 23.300000 0.000000 ) ( 48.000000 0.000000 0.000000 ) ( 29.500000 23.300000 8.000000 ) mtrl/invisible 0 0 0 0.5 0.5 0 0 0
( 48.000000 0.000000 0.000000 ) ( 29.500000 23.300000 0.000000 ) ( 45.830297 1.193438 0.000000 ) mtrl/invisible 0 0 0 0.5 0.5 0 0 0
( 45.830297 1.193438 8.000000 ) ( 48.000000 0.000000 0.000000 ) ( 45.830297 1.193438 0.000000 ) mtrl/invisible 0 0 0 0.5 0.5 0 0 0
( 48.000000 0.000000 8.000000 ) ( 45.830297 1.193438 8.000000 ) ( 29.500000 23.300000 8.000000 ) mtrl/invisible 0 0 0 0.5 0.5 0 0 0
}
// brush 1
{
( 43.632452 2.273953 0.000000 ) ( 29.500000 23.300000 0.000000 ) ( 29.500000 23.300000 8.000000 ) mtrl/invisible 0 0 0 0.5 0.5 0 0 0
( 29.500000 23.300000 0.000000 ) ( 45.830297 1.193438 0.000000 ) ( 29.500000 23.300000 8.000000 ) mtrl/invisible 0 0 0 0.5 0.5 0 0 0
( 45.830297 1.193438 0.000000 ) ( 29.500000 23.300000 0.000000 ) ( 43.632452 2.273953 0.000000 ) mtrl/invisible 0 0 0 0.5 0.5 0 0 0
( 43.632452 2.273953 0.000000 ) ( 43.632452 2.273953 8.000000 ) ( 45.830297 1.193438 0.000000 ) mtrl/invisible 0 0 0 0.5 0.5 0 0 0
( 29.500000 23.300000 8.000000 ) ( 45.830297 1.193438 8.000000 ) ( 43.632452 2.273953 8.000000 ) mtrl/invisible 0 0 0 0.5 0.5 0 0 0
}
// brush 2
{
( 41.410872 3.240926 0.000000 ) ( 29.500000 23.300000 0.000000 ) ( 29.500000 23.300000 8.000000 ) mtrl/invisible 0 0 0 0.5 0.5 0 0 0
( 29.500000 23.300000 0.000000 ) ( 43.632452 2.273953 0.000000 ) ( 29.500000 23.300000 8.000000 ) mtrl/invisible 0 0 0 0.5 0.5 0 0 0
( 43.632452 2.273953 0.000000 ) ( 29.500000 23.300000 0.000000 ) ( 41.410872 3.240926 0.000000 ) mtrl/invisible 0 0 0 0.5 0.5 0 0 0
( 41.410872 3.240926 0.000000 ) ( 41.410872 3.240926 8.000000 ) ( 43.632452 2.273953 0.000000 ) mtrl/invisible 0 0 0 0.5 0.5 0 0 0
( 29.500000 23.300000 8.000000 ) ( 43.632452 2.273953 8.000000 ) ( 41.410872 3.240926 8.000000 ) mtrl/invisible 0 0 0 0.5 0.5 0 0 0
}
// brush 3
{
( 39.169976 4.093892 0.000000 ) ( 29.500000 23.300000 0.000000 ) ( 29.500000 23.300000 8.000000 ) mtrl/invisible 0 0 0 0.5 0.5 0 0 0
( 29.500000 23.300000 0.000000 ) ( 41.410872 3.240926 0.000000 ) ( 29.500000 23.300000 8.000000 ) mtrl/invisible 0 0 0 0.5 0.5 0 0 0
( 41.410872 3.240926 0.000000 ) ( 29.500000 23.300000 0.000000 ) ( 39.169976 4.093892 0.000000 ) mtrl/invisible 0 0 0 0.5 0.5 0 0 0
( 39.169976 4.093892 8.000000 ) ( 41.410872 3.240926 0.000000 ) ( 39.169976 4.093892 0.000000 ) mtrl/invisible 0 0 0 0.5 0.5 0 0 0
( 41.410872 3.240926 8.000000 ) ( 39.169976 4.093892 8.000000 ) ( 29.500000 23.300000 8.000000 ) mtrl/invisible 0 0 0 0.5 0.5 0 0 0
}
// brush 4
{
( 36.914190 4.832538 0.000000 ) ( 29.500000 23.300000 0.000000 ) ( 29.500000 23.300000 8.000000 ) mtrl/invisible 0 0 0 0.5 0.5 0 0 0
( 29.500000 23.300000 0.000000 ) ( 39.169976 4.093892 0.000000 ) ( 29.500000 23.300000 8.000000 ) mtrl/invisible 0 0 0 0.5 0.5 0 0 0
( 39.169976 4.093892 0.000000 ) ( 29.500000 23.300000 0.000000 ) ( 36.914190 4.832538 0.000000 ) mtrl/invisible 0 0 0 0.5 0.5 0 0 0
( 36.914190 4.832538 0.000000 ) ( 36.914190 4.832538 8.000000 ) ( 39.169976 4.093892 0.000000 ) mtrl/invisible 0 0 0 0.5 0.5 0 0 0
( 29.500000 23.300000 8.000000 ) ( 39.169976 4.093892 8.000000 ) ( 36.914190 4.832538 8.000000 ) mtrl/invisible 0 0 0 0.5 0.5 0 0 0
}
// brush 5
{
( 34.647944 5.456705 0.000000 ) ( 29.500000 23.300000 0.000000 ) ( 29.500000 23.300000 8.000000 ) mtrl/invisible 0 0 0 0.5 0.5 0 0 0
( 29.500000 23.300000 0.000000 ) ( 36.914190 4.832538 0.000000 ) ( 29.500000 23.300000 8.000000 ) mtrl/invisible 0 0 0 0.5 0.5 0 0 0
( 36.914190 4.832538 0.000000 ) ( 29.500000 23.300000 0.000000 ) ( 34.647944 5.456705 0.000000 ) mtrl/invisible 0 0 0 0.5 0.5 0 0 0
( 34.647944 5.456705 8.000000 ) ( 36.914190 4.832538 0.000000 ) ( 34.647944 5.456705 0.000000 ) mtrl/invisible 0 0 0 0.5 0.5 0 0 0
( 29.500000 23.300000 8.000000 ) ( 36.914190 4.832538 8.000000 ) ( 34.647944 5.456705 8.000000 ) mtrl/invisible 0 0 0 0.5 0.5 0 0 0
}
// brush 6
{
( 32.375662 5.966387 0.000000 ) ( 29.500000 23.300000 0.000000 ) ( 29.500000 23.300000 8.000000 ) mtrl/invisible 0 0 0 0.5 0.5 0 0 0
( 29.500000 23.300000 0.000000 ) ( 34.647944 5.456705 0.000000 ) ( 29.500000 23.300000 8.000000 ) mtrl/invisible 0 0 0 0.5 0.5 0 0 0
( 34.647944 5.456705 0.000000 ) ( 29.500000 23.300000 0.000000 ) ( 32.375662 5.966387 0.000000 ) mtrl/invisible 0 0 0 0.5 0.5 0 0 0
( 32.375662 5.966387 0.000000 ) ( 32.375662 5.966387 8.000000 ) ( 34.647944 5.456705 0.000000 ) mtrl/invisible 0 0 0 0.5 0.5 0 0 0
( 34.647944 5.456705 8.000000 ) ( 32.375662 5.966387 8.000000 ) ( 29.500000 23.300000 8.000000 ) mtrl/invisible 0 0 0 0.5 0.5 0 0 0
}
// brush 7
{
( 30.101764 6.361729 0.000000 ) ( 29.500000 23.300000 0.000000 ) ( 29.500000 23.300000 8.000000 ) mtrl/invisible 0 0 0 0.5 0.5 0 0 0
( 29.500000 23.300000 0.000000 ) ( 32.375662 5.966387 0.000000 ) ( 29.500000 23.300000 8.000000 ) mtrl/invisible 0 0 0 0.5 0.5 0 0 0
( 32.375662 5.966387 0.000000 ) ( 29.500000 23.300000 0.000000 ) ( 30.101764 6.361729 0.000000 ) mtrl/invisible 0 0 0 0.5 0.5 0 0 0
( 30.101764 6.361729 8.000000 ) ( 32.375662 5.966387 0.000000 ) ( 30.101764 6.361729 0.000000 ) mtrl/invisible 0 0 0 0.5 0.5 0 0 0
( 32.375662 5.966387 8.000000 ) ( 30.101764 6.361729 8.000000 ) ( 29.500000 23.300000 8.000000 ) mtrl/invisible 0 0 0 0.5 0.5 0 0 0
}
// brush 8
{
( 27.830654 6.643031 0.000000 ) ( 29.500000 23.300000 0.000000 ) ( 29.500000 23.300000 8.000000 ) mtrl/invisible 0 0 0 0.5 0.5 0 0 0
( 29.500000 23.300000 0.000000 ) ( 30.101764 6.361729 0.000000 ) ( 29.500000 23.300000 8.000000 ) mtrl/invisible 0 0 0 0.5 0.5 0 0 0
( 27.830654 6.643031 0.000000 ) ( 30.101764 6.361729 0.000000 ) ( 29.500000 23.300000 0.000000 ) mtrl/invisible 0 0 0 0.5 0.5 0 0 0
( 27.830654 6.643031 0.000000 ) ( 27.830654 6.643031 8.000000 ) ( 30.101764 6.361729 0.000000 ) mtrl/invisible 0 0 0 0.5 0.5 0 0 0
( 30.101764 6.361729 8.000000 ) ( 27.830654 6.643031 8.000000 ) ( 29.500000 23.300000 8.000000 ) mtrl/invisible 0 0 0 0.5 0.5 0 0 0
}
// brush 9
{
( 25.566720 6.810742 0.000000 ) ( 29.500000 23.300000 0.000000 ) ( 29.500000 23.300000 8.000000 ) mtrl/invisible 0 0 0 0.5 0.5 0 0 0
( 29.500000 23.300000 0.000000 ) ( 27.830654 6.643031 0.000000 ) ( 29.500000 23.300000 8.000000 ) mtrl/invisible 0 0 0 0.5 0.5 0 0 0
( 27.830654 6.643031 0.000000 ) ( 29.500000 23.300000 0.000000 ) ( 25.566720 6.810742 0.000000 ) mtrl/invisible 0 0 0 0.5 0.5 0 0 0
( 25.566720 6.810742 8.000000 ) ( 27.830654 6.643031 0.000000 ) ( 25.566720 6.810742 0.000000 ) mtrl/invisible 0 0 0 0.5 0.5 0 0 0
( 27.830654 6.643031 8.000000 ) ( 25.566720 6.810742 8.000000 ) ( 29.500000 23.300000 8.000000 ) mtrl/invisible 0 0 0 0.5 0.5 0 0 0
}
// brush 10
{
( 23.314328 6.865465 0.000000 ) ( 29.500000 23.300000 0.000000 ) ( 29.500000 23.300000 8.000000 ) mtrl/invisible 0 0 0 0.5 0.5 0 0 0
( 29.500000 23.300000 0.000000 ) ( 25.566720 6.810742 0.000000 ) ( 29.500000 23.300000 8.000000 ) mtrl/invisible 0 0 0 0.5 0.5 0 0 0
( 25.566720 6.810742 0.000000 ) ( 29.500000 23.300000 0.000000 ) ( 23.314328 6.865465 0.000000 ) mtrl/invisible 0 0 0 0.5 0.5 0 0 0
( 23.314328 6.865465 8.000000 ) ( 25.566720 6.810742 0.000000 ) ( 23.314328 6.865465 0.000000 ) mtrl/invisible 0 0 0 0.5 0.5 0 0 0
( 29.500000 23.300000 8.000000 ) ( 25.566720 6.810742 8.000000 ) ( 23.314328 6.865465 8.000000 ) mtrl/invisible 0 0 0 0.5 0.5 0 0 0
}
// brush 11
{
( 21.077816 6.807949 0.000000 ) ( 29.500000 23.300000 0.000000 ) ( 29.500000 23.300000 8.000000 ) mtrl/invisible 0 0 0 0.5 0.5 0 0 0
( 29.500000 23.300000 0.000000 ) ( 23.314328 6.865465 0.000000 ) ( 29.500000 23.300000 8.000000 ) mtrl/invisible 0 0 0 0.5 0.5 0 0 0
( 23.314328 6.865465 0.000000 ) ( 29.500000 23.300000 0.000000 ) ( 21.077816 6.807949 0.000000 ) mtrl/invisible 0 0 0 0.5 0.5 0 0 0
( 21.077816 6.807949 8.000000 ) ( 23.314328 6.865465 0.000000 ) ( 21.077816 6.807949 0.000000 ) mtrl/invisible 0 0 0 0.5 0.5 0 0 0
( 23.314328 6.865465 8.000000 ) ( 21.077816 6.807949 8.000000 ) ( 29.500000 23.300000 8.000000 ) mtrl/invisible 0 0 0 0.5 0.5 0 0 0
}
// brush 12
{
( 18.861489 6.639095 0.000000 ) ( 29.500000 23.300000 0.000000 ) ( 29.500000 23.300000 8.000000 ) mtrl/invisible 0 0 0 0.5 0.5 0 0 0
( 29.500000 23.300000 0.000000 ) ( 21.077816 6.807949 0.000000 ) ( 29.500000 23.300000 8.000000 ) mtrl/invisible 0 0 0 0.5 0.5 0 0 0
( 21.077816 6.807949 0.000000 ) ( 29.500000 23.300000 0.000000 ) ( 18.861489 6.639095 0.000000 ) mtrl/invisible 0 0 0 0.5 0.5 0 0 0
( 18.861489 6.639095 0.000000 ) ( 18.861489 6.639095 8.000000 ) ( 21.077816 6.807949 0.000000 ) mtrl/invisible 0 0 0 0.5 0.5 0 0 0
( 29.500000 23.300000 8.000000 ) ( 21.077816 6.807949 8.000000 ) ( 18.861489 6.639095 8.000000 ) mtrl/invisible 0 0 0 0.5 0.5 0 0 0
}
// brush 13
{
( 16.669616 6.359952 0.000000 ) ( 29.500000 23.300000 0.000000 ) ( 29.500000 23.300000 8.000000 ) mtrl/invisible 0 0 0 0.5 0.5 0 0 0
( 29.500000 23.300000 0.000000 ) ( 18.861489 6.639095 0.000000 ) ( 29.500000 23.300000 8.000000 ) mtrl/invisible 0 0 0 0.5 0.5 0 0 0
( 18.861489 6.639095 0.000000 ) ( 29.500000 23.300000 0.000000 ) ( 16.669616 6.359952 0.000000 ) mtrl/invisible 0 0 0 0.5 0.5 0 0 0
( 16.669616 6.359952 8.000000 ) ( 18.861489 6.639095 0.000000 ) ( 16.669616 6.359952 0.000000 ) mtrl/invisible 0 0 0 0.5 0.5 0 0 0
( 18.861489 6.639095 8.000000 ) ( 16.669616 6.359952 8.000000 ) ( 29.500000 23.300000 8.000000 ) mtrl/invisible 0 0 0 0.5 0.5 0 0 0
}
// brush 14
{
( 14.506423 5.971712 0.000000 ) ( 29.500000 23.300000 0.000000 ) ( 29.500000 23.300000 8.000000 ) mtrl/invisible 0 0 0 0.5 0.5 0 0 0
( 29.500000 23.300000 0.000000 ) ( 16.669616 6.359952 0.000000 ) ( 29.500000 23.300000 8.000000 ) mtrl/invisible 0 0 0 0.5 0.5 0 0 0
( 16.669616 6.359952 0.000000 ) ( 29.500000 23.300000 0.000000 ) ( 14.506423 5.971712 0.000000 ) mtrl/invisible 0 0 0 0.5 0.5 0 0 0
( 14.506423 5.971712 8.000000 ) ( 16.669616 6.359952 0.000000 ) ( 14.506423 5.971712 0.000000 ) mtrl/invisible 0 0 0 0.5 0.5 0 0 0
( 16.669616 6.359952 8.000000 ) ( 14.506423 5.971712 8.000000 ) ( 29.500000 23.300000 8.000000 ) mtrl/invisible 0 0 0 0.5 0.5 0 0 0
}
// brush 15
{
( 12.376091 5.475717 0.000000 ) ( 29.500000 23.300000 0.000000 ) ( 29.500000 23.300000 8.000000 ) mtrl/invisible 0 0 0 0.5 0.5 0 0 0
( 29.500000 23.300000 0.000000 ) ( 14.506423 5.971712 0.000000 ) ( 29.500000 23.300000 8.000000 ) mtrl/invisible 0 0 0 0.5 0.5 0 0 0
( 14.506423 5.971712 0.000000 ) ( 29.500000 23.300000 0.000000 ) ( 12.376091 5.475717 0.000000 ) mtrl/invisible 0 0 0 0.5 0.5 0 0 0
( 12.376091 5.475717 0.000000 ) ( 12.376091 5.475717 8.000000 ) ( 14.506423 5.971712 0.000000 ) mtrl/invisible 0 0 0 0.5 0.5 0 0 0
( 29.500000 23.300000 8.000000 ) ( 14.506423 5.971712 8.000000 ) ( 12.376091 5.475717 8.000000 ) mtrl/invisible 0 0 0 0.5 0.5 0 0 0
}
// brush 16
{
( 10.282750 4.873448 0.000000 ) ( 29.500000 23.300000 0.000000 ) ( 29.500000 23.300000 8.000000 ) mtrl/invisible 0 0 0 0.5 0.5 0 0 0
( 29.500000 23.300000 0.000000 ) ( 12.376091 5.475717 0.000000 ) ( 29.500000 23.300000 8.000000 ) mtrl/invisible 0 0 0 0.5 0.5 0 0 0
( 12.376091 5.475717 0.000000 ) ( 29.500000 23.300000 0.000000 ) ( 10.282750 4.873448 0.000000 ) mtrl/invisible 0 0 0 0.5 0.5 0 0 0
( 10.282750 4.873448 0.000000 ) ( 10.282750 4.873448 8.000000 ) ( 12.376091 5.475717 0.000000 ) mtrl/invisible 0 0 0 0.5 0.5 0 0 0
( 12.376091 5.475717 8.000000 ) ( 10.282750 4.873448 8.000000 ) ( 29.500000 23.300000 8.000000 ) mtrl/invisible 0 0 0 0.5 0.5 0 0 0
}
// brush 17
{
( 8.230471 4.166529 0.000000 ) ( 29.500000 23.300000 0.000000 ) ( 29.500000 23.300000 8.000000 ) mtrl/invisible 0 0 0 0.5 0.5 0 0 0
( 29.500000 23.300000 0.000000 ) ( 10.282750 4.873448 0.000000 ) ( 29.500000 23.300000 8.000000 ) mtrl/invisible 0 0 0 0.5 0.5 0 0 0
( 10.282750 4.873448 0.000000 ) ( 29.500000 23.300000 0.000000 ) ( 8.230471 4.166529 0.000000 ) mtrl/invisible 0 0 0 0.5 0.5 0 0 0
( 8.230471 4.166529 8.000000 ) ( 10.282750 4.873448 0.000000 ) ( 8.230471 4.166529 0.000000 ) mtrl/invisible 0 0 0 0.5 0.5 0 0 0
( 29.500000 23.300000 8.000000 ) ( 10.282750 4.873448 8.000000 ) ( 8.230471 4.166529 8.000000 ) mtrl/invisible 0 0 0 0.5 0.5 0 0 0
}
// brush 18
{
( 6.223269 3.356725 0.000000 ) ( 29.500000 23.300000 0.000000 ) ( 29.500000 23.300000 8.000000 ) mtrl/invisible 0 0 0 0.5 0.5 0 0 0
( 29.500000 23.300000 0.000000 ) ( 8.230471 4.166529 0.000000 ) ( 29.500000 23.300000 8.000000 ) mtrl/invisible 0 0 0 0.5 0.5 0 0 0
( 8.230471 4.166529 0.000000 ) ( 29.500000 23.300000 0.000000 ) ( 6.223269 3.356725 0.000000 ) mtrl/invisible 0 0 0 0.5 0.5 0 0 0
( 6.223269 3.356725 8.000000 ) ( 8.230471 4.166529 0.000000 ) ( 6.223269 3.356725 0.000000 ) mtrl/invisible 0 0 0 0.5 0.5 0 0 0
( 8.230471 4.166529 8.000000 ) ( 6.223269 3.356725 8.000000 ) ( 29.500000 23.300000 8.000000 ) mtrl/invisible 0 0 0 0.5 0.5 0 0 0
}
// brush 19
{
( 4.265091 2.445937 0.000000 ) ( 29.500000 23.300000 0.000000 ) ( 29.500000 23.300000 8.000000 ) mtrl/invisible 0 0 0 0.5 0.5 0 0 0
( 29.500000 23.300000 0.000000 ) ( 6.223269 3.356725 0.000000 ) ( 29.500000 23.300000 8.000000 ) mtrl/invisible 0 0 0 0.5 0.5 0 0 0
( 6.223269 3.356725 0.000000 ) ( 29.500000 23.300000 0.000000 ) ( 4.265091 2.445937 0.000000 ) mtrl/invisible 0 0 0 0.5 0.5 0 0 0
( 4.265091 2.445937 8.000000 ) ( 6.223269 3.356725 0.000000 ) ( 4.265091 2.445937 0.000000 ) mtrl/invisible 0 0 0 0.5 0.5 0 0 0
( 6.223269 3.356725 8.000000 ) ( 4.265091 2.445937 8.000000 ) ( 29.500000 23.300000 8.000000 ) mtrl/invisible 0 0 0 0.5 0.5 0 0 0
}
// brush 20
{
( 2.359816 1.436201 0.000000 ) ( 29.500000 23.300000 0.000000 ) ( 29.500000 23.300000 8.000000 ) mtrl/invisible 0 0 0 0.5 0.5 0 0 0
( 29.500000 23.300000 0.000000 ) ( 4.265091 2.445937 0.000000 ) ( 29.500000 23.300000 8.000000 ) mtrl/invisible 0 0 0 0.5 0.5 0 0 0
( 4.265091 2.445937 0.000000 ) ( 29.500000 23.300000 0.000000 ) ( 2.359816 1.436201 0.000000 ) mtrl/invisible 0 0 0 0.5 0.5 0 0 0
( 2.359816 1.436201 0.000000 ) ( 2.359816 1.436201 8.000000 ) ( 4.265091 2.445937 0.000000 ) mtrl/invisible 0 0 0 0.5 0.5 0 0 0
( 4.265091 2.445937 8.000000 ) ( 2.359816 1.436201 8.000000 ) ( 29.500000 23.300000 8.000000 ) mtrl/invisible 0 0 0 0.5 0.5 0 0 0
}
// brush 21
{
( 0.511249 0.329688 0.000000 ) ( 29.500000 23.300000 0.000000 ) ( 29.500000 23.300000 8.000000 ) mtrl/invisible 0 0 0 0.5 0.5 0 0 0
( 29.500000 23.300000 0.000000 ) ( 2.359816 1.436201 0.000000 ) ( 29.500000 23.300000 8.000000 ) mtrl/invisible 0 0 0 0.5 0.5 0 0 0
( 2.359816 1.436201 0.000000 ) ( 29.500000 23.300000 0.000000 ) ( 0.511249 0.329688 0.000000 ) mtrl/invisible 0 0 0 0.5 0.5 0 0 0
( 0.511249 0.329688 8.000000 ) ( 2.359816 1.436201 0.000000 ) ( 0.511249 0.329688 0.000000 ) mtrl/invisible 0 0 0 0.5 0.5 0 0 0
( 2.359816 1.436201 8.000000 ) ( 0.511249 0.329688 8.000000 ) ( 29.500000 23.300000 8.000000 ) mtrl/invisible 0 0 0 0.5 0.5 0 0 0
}
// brush 22
{
( -1.276884 -0.871303 0.000000 ) ( 29.500000 23.300000 0.000000 ) ( 29.500000 23.300000 8.000000 ) mtrl/invisible 0 0 0 0.5 0.5 0 0 0
( 29.500000 23.300000 0.000000 ) ( 0.511249 0.329688 0.000000 ) ( 29.500000 23.300000 8.000000 ) mtrl/invisible 0 0 0 0.5 0.5 0 0 0
( 0.511249 0.329688 0.000000 ) ( 29.500000 23.300000 0.000000 ) ( -1.276884 -0.871303 0.000000 ) mtrl/invisible 0 0 0 0.5 0.5 0 0 0
( -1.276884 -0.871303 0.000000 ) ( -1.276884 -0.871303 8.000000 ) ( 0.511249 0.329688 0.000000 ) mtrl/invisible 0 0 0 0.5 0.5 0 0 0
( 29.500000 23.300000 8.000000 ) ( 0.511249 0.329688 8.000000 ) ( -1.276884 -0.871303 8.000000 ) mtrl/invisible 0 0 0 0.5 0.5 0 0 0
}
// brush 23
{
( -3.000936 -2.164343 0.000000 ) ( 29.500000 23.300000 0.000000 ) ( 29.500000 23.300000 8.000000 ) mtrl/invisible 0 0 0 0.5 0.5 0 0 0
( 29.500000 23.300000 0.000000 ) ( -1.276884 -0.871303 0.000000 ) ( 29.500000 23.300000 8.000000 ) mtrl/invisible 0 0 0 0.5 0.5 0 0 0
( -1.276884 -0.871303 0.000000 ) ( 29.500000 23.300000 0.000000 ) ( -3.000936 -2.164343 0.000000 ) mtrl/invisible 0 0 0 0.5 0.5 0 0 0
( -3.000936 -2.164343 8.000000 ) ( -1.276884 -0.871303 0.000000 ) ( -3.000936 -2.164343 0.000000 ) mtrl/invisible 0 0 0 0.5 0.5 0 0 0
( 29.500000 23.300000 8.000000 ) ( -1.276884 -0.871303 8.000000 ) ( -3.000936 -2.164343 8.000000 ) mtrl/invisible 0 0 0 0.5 0.5 0 0 0
}
}
