// Game: Neverball
// Format: Quake3
// entity 0
{
"classname" "worldspawn"
// brush 0
{
( 23.600000 54.500000 0.000000 ) ( 19.450097 -8.814429 0.000000 ) ( 23.600000 54.500000 51.500000 ) mtrl/invisible 0 0 0 0.5 0.5 0 0 0
( 14.144577 -8.100676 0.000000 ) ( 23.600000 54.500000 0.000000 ) ( 23.600000 54.500000 51.500000 ) mtrl/invisible 0 0 0 0.5 0.5 0 0 0
( 23.600000 54.500000 0.000000 ) ( 14.144577 -8.100676 0.000000 ) ( 19.450097 -8.814429 0.000000 ) mtrl/invisible 0 0 0 0.5 0.5 0 0 0
( 19.450097 -8.814429 51.500000 ) ( 19.450097 -8.814429 0.000000 ) ( 14.144577 -8.100676 0.000000 ) mtrl/invisible 0 0 0 0.5 0.5 0 0 0
( 14.144577 -8.100676 51.500000 ) ( 23.600000 54.500000 51.500000 ) ( 19.450097 -8.814429 51.500000 ) mtrl/invisible 0 0 0 0.5 0.5 0 0 0
}
// brush 1
{
( 19.450097 -8.814429 0.000000 ) ( 23.600000 54.500000 0.000000 ) ( 23.600000 54.500000 51.500000 ) mtrl/invisible 0 0 0 0.5 0.5 0 0 0
( 23.600000 54.500000 0.000000 ) ( 24.975816 -8.579552 0.000000 ) ( 23.600000 54.500000 51.500000 ) mtrl/invisible 0 0 0 0.5 0.5 0 0 0
( 19.450097 -8.814429 0.000000 ) ( 24.975816 -8.579552 0.000000 ) ( 23.600000 54.500000 0.000000 ) mtrl/invisible 0 0 0 0.5 0.5 0 0 0
( 24.975816 -8.579552 51.500000 ) ( 24.975816 -8.579552 0.000000 ) ( 19.450097 -8.814429 0.000000 ) mtrl/invisible 0 0 0 0.5 0.5 0 0 0
( 24.975816 -8.579552 51.500000 ) ( 19.450097 -8.814429 51.500000 ) ( 23.600000 54.500000 51.500000 ) mtrl/invisible 0 0 0 0.5 0.5 0 0 0
}
// brush 2
{
( 23.600000 54.500000 0.000000 ) ( 30.588375 -7.364796 0.000000 ) ( 23.600000 54.500000 51.500000 ) mtrl/invisible 0 0 0 0.5 0.5 0 0 0
( 24.975816 -8.579552 0.000000 ) ( 23.600000 54.500000 0.000000 ) ( 23.600000 54.500000 51.500000 ) mtrl/invisible 0 0 0 0.5 0.5 0 0 0
( 23.600000 54.500000 0.000000 ) ( 24.975816 -8.579552 0.000000 ) ( 30.588375 -7.364796 0.000000 ) mtrl/invisible 0 0 0 0.5 0.5 0 0 0
( 30.588375 -7.364796 51.500000 ) ( 30.588375 -7.364796 0.000000 ) ( 24.975816 -8.579552 0.000000 ) mtrl/invisible 0 0 0 0.5 0.5 0 0 0
( 30.588375 -7.364796 51.500000 ) ( 24.975816 -8.579552 51.500000 ) ( 23.600000 54.500000 51.500000 ) mtrl/invisible 0 0 0 0.5 0.5 0 0 0
}
// brush 3
{
( 23.600000 54.500000 0.000000 ) ( 36.150866 -5.155759 0.000000 ) ( 23.600000 54.500000 51.500000 ) mtrl/invisible 0 0 0 0.5 0.5 0 0 0
( 30.588375 -7.364796 0.000000 ) ( 23.600000 54.500000 0.000000 ) ( 23.600000 54.500000 51.500000 ) mtrl/invisible 0 0 0 0.5 0.5 0 0 0
( 23.600000 54.500000 0.000000 ) ( 30.588375 -7.364796 0.000000 ) ( 36.150866 -5.155759 0.000000 ) mtrl/invisible 0 0 0 0.5 0.5 0 0 0
( 30.588375 -7.364796 0.000000 ) ( 36.150866 -5.155759 51.500000 ) ( 36.150866 -5.155759 0.000000 ) mtrl/invisible 0 0 0 0.5 0.5 0 0 0
( 36.150866 -5.155759 51.500000 ) ( 30.588375 -7.364796 51.500000 ) ( 23.600000 54.500000 51.500000 ) mtrl/invisible 0 0 0 0.5 0.5 0 0 0
}
// brush 4
{
( 23.600000 54.500000 0.000000 ) ( 41.524827 -1.955235 0.000000 ) ( 23.600000 54.500000 51.500000 ) mtrl/invisible 0 0 0 0.5 0.5 0 0 0
( 36.150866 -5.155759 0.000000 ) ( 23.600000 54.500000 0.000000 ) ( 23.600000 54.500000 51.500000 ) mtrl/invisible 0 0 0 0.5 0.5 0 0 0
( 23.600000 54.500000 0.000000 ) ( 36.150866 -5.155759 0.000000 ) ( 41.524827 -1.955235 0.000000 ) mtrl/invisible 0 0 0 0.5 0.5 0 0 0
( 36.150866 -5.155759 0.000000 ) ( 41.524827 -1.955235 51.500000 ) ( 41.524827 -1.955235 0.000000 ) mtrl/invisible 0 0 0 0.5 0.5 0 0 0
( 36.150866 -5.155759 51.500000 ) ( 23.600000 54.500000 51.500000 ) ( 41.524827 -1.955235 51.500000 ) mtrl/invisible 0 0 0 0.5 0.5 0 0 0
}
// brush 5
{
( 23.600000 54.500000 0.000000 ) ( 46.572278 2.216659 0.000000 ) ( 23.600000 54.500000 51.500000 ) mtrl/invisible 0 0 0 0.5 0.5 0 0 0
( 41.524827 -1.955235 0.000000 ) ( 23.600000 54.500000 0.000000 ) ( 23.600000 54.500000 51.500000 ) mtrl/invisible 0 0 0 0.5 0.5 0 0 0
( 23.600000 54.500000 0.000000 ) ( 41.524827 -1.955235 0.000000 ) ( 46.572278 2.216659 0.000000 ) mtrl/invisible 0 0 0 0.5 0.5 0 0 0
( 41.524827 -1.955235 0.000000 ) ( 46.572278 2.216659 51.500000 ) ( 46.572278 2.216659 0.000000 ) mtrl/invisible 0 0 0 0.5 0.5 0 0 0
( 46.572278 2.216659 51.500000 ) ( 41.524827 -1.955235 51.500000 ) ( 23.600000 54.500000 51.500000 ) mtrl/invisible 0 0 0 0.5 0.5 0 0 0
}
// brush 6
{
( 23.600000 54.500000 0.000000 ) ( 51.157756 7.322584 0.000000 ) ( 23.600000 54.500000 51.500000 ) mtrl/invisible 0 0 0 0.5 0.5 0 0 0
( 46.572278 2.216659 0.000000 ) ( 23.600000 54.500000 0.000000 ) ( 23.600000 54.500000 51.500000 ) mtrl/invisible 0 0 0 0.5 0.5 0 0 0
( 23.600000 54.500000 0.000000 ) ( 46.572278 2.216659 0.000000 ) ( 51.157756 7.322584 0.000000 ) mtrl/invisible 0 0 0 0.5 0.5 0 0 0
( 46.572278 2.216659 0.000000 ) ( 51.157756 7.322584 51.500000 ) ( 51.157756 7.322584 0.000000 ) mtrl/invisible 0 0 0 0.5 0.5 0 0 0
( 46.572278 2.216659 51.500000 ) ( 23.600000 54.500000 51.500000 ) ( 51.157756 7.322584 51.500000 ) mtrl/invisible 0 0 0 0.5 0.5 0 0 0
}
// brush 7
{
( 23.600000 54.500000 0.000000 ) ( 55.150339 13.308313 0.000000 ) ( 23.600000 54.500000 51.500000 ) mtrl/invisible 0 0 0 0.5 0.5 0 0 0
( 51.157756 7.322584 0.000000 ) ( 23.600000 54.500000 0.000000 ) ( 23.600000 54.500000 51.500000 ) mtrl/invisible 0 0 0 0.5 0.5 0 0 0
( 23.600000 54.500000 0.000000 ) ( 51.157756 7.322584 0.000000 ) ( 55.150339 13.308313 0.000000 ) mtrl/invisible 0 0 0 0.5 0.5 0 0 0
( 51.157756 7.322584 0.000000 ) ( 55.150339 13.308313 51.500000 ) ( 55.150339 13.308313 0.000000 ) mtrl/invisible 0 0 0 0.5 0.5 0 0 0
( 55.150339 13.308313 51.500000 ) ( 51.157756 7.322584 51.500000 ) ( 23.600000 54.500000 51.500000 ) mtrl/invisible 0 0 0 0.5 0.5 0 0 0
}
// brush 8
{
( 23.600000 54.500000 0.000000 ) ( 58.425616 20.103296 0.000000 ) ( 23.600000 54.500000 51.500000 ) mtrl/invisible 0 0 0 0.5 0.5 0 0 0
( 55.150339 13.308313 0.000000 ) ( 23.600000 54.500000 0.000000 ) ( 23.600000 54.500000 51.500000 ) mtrl/invisible 0 0 0 0.5 0.5 0 0 0
( 23.600000 54.500000 0.000000 ) ( 55.150339 13.308313 0.000000 ) ( 58.425616 20.103296 0.000000 ) mtrl/invisible 0 0 0 0.5 0.5 0 0 0
( 55.150339 13.308313 0.000000 ) ( 58.425616 20.103296 51.500000 ) ( 58.425616 20.103296 0.000000 ) mtrl/invisible 0 0 0 0.5 0.5 0 0 0
( 55.150339 13.308313 51.500000 ) ( 23.600000 54.500000 51.500000 ) ( 58.425616 20.103296 51.500000 ) mtrl/invisible 0 0 0 0.5 0.5 0 0 0
}
// brush 9
{
( 23.600000 54.500000 0.000000 ) ( 60.867597 27.621442 0.000000 ) ( 23.600000 54.500000 51.500000 ) mtrl/invisible 0 0 0 0.5 0.5 0 0 0
( 58.425616 20.103296 0.000000 ) ( 23.600000 54.500000 0.000000 ) ( 23.600000 54.500000 51.500000 ) mtrl/invisible 0 0 0 0.5 0.5 0 0 0
( 23.600000 54.500000 0.000000 ) ( 58.425616 20.103296 0.000000 ) ( 60.867597 27.621442 0.000000 ) mtrl/invisible 0 0 0 0.5 0.5 0 0 0
( 58.425616 20.103296 0.000000 ) ( 60.867597 27.621442 51.500000 ) ( 60.867597 27.621442 0.000000 ) mtrl/invisible 0 0 0 0.5 0.5 0 0 0
( 58.425616 20.103296 51.500000 ) ( 23.600000 54.500000 51.500000 ) ( 60.867597 27.621442 51.500000 ) mtrl/invisible 0 0 0 0.5 0.5 0 0 0
}
// brush 10
{
( 23.600000 54.500000 0.000000 ) ( 62.370524 35.762112 0.000000 ) ( 23.600000 54.500000 51.500000 ) mtrl/invisible 0 0 0 0.5 0.5 0 0 0
( 60.867597 27.621442 0.000000 ) ( 23.600000 54.500000 0.000000 ) ( 23.600000 54.500000 51.500000 ) mtrl/invisible 0 0 0 0.5 0.5 0 0 0
( 23.600000 54.500000 0.000000 ) ( 60.867597 27.621442 0.000000 ) ( 62.370524 35.762112 0.000000 ) mtrl/invisible 0 0 0 0.5 0.5 0 0 0
( 62.370524 35.762112 51.500000 ) ( 62.370524 35.762112 0.000000 ) ( 60.867597 27.621442 0.000000 ) mtrl/invisible 0 0 0 0.5 0.5 0 0 0
( 62.370524 35.762112 51.500000 ) ( 60.867597 27.621442 51.500000 ) ( 23.600000 54.500000 51.500000 ) mtrl/invisible 0 0 0 0.5 0.5 0 0 0
}
// brush 11
{
( 23.600000 54.500000 0.000000 ) ( 62.840568 44.411322 0.000000 ) ( 23.600000 54.500000 51.500000 ) mtrl/invisible 0 0 0 0.5 0.5 0 0 0
( 62.370524 35.762112 0.000000 ) ( 23.600000 54.500000 0.000000 ) ( 23.600000 54.500000 51.500000 ) mtrl/invisible 0 0 0 0.5 0.5 0 0 0
( 23.600000 54.500000 0.000000 ) ( 62.370524 35.762112 0.000000 ) ( 62.840568 44.411322 0.000000 ) mtrl/invisible 0 0 0 0.5 0.5 0 0 0
( 62.370524 35.762112 0.000000 ) ( 62.840568 44.411322 51.500000 ) ( 62.840568 44.411322 0.000000 ) mtrl/invisible 0 0 0 0.5 0.5 0 0 0
( 62.370524 35.762112 51.500000 ) ( 23.600000 54.500000 51.500000 ) ( 62.840568 44.411322 51.500000 ) mtrl/invisible 0 0 0 0.5 0.5 0 0 0
}
// brush 12
{
( 23.600000 54.500000 0.000000 ) ( 62.197388 53.443131 0.000000 ) ( 23.600000 54.500000 51.500000 ) mtrl/invisible 0 0 0 0.5 0.5 0 0 0
( 62.840568 44.411322 0.000000 ) ( 23.600000 54.500000 0.000000 ) ( 23.600000 54.500000 51.500000 ) mtrl/invisible 0 0 0 0.5 0.5 0 0 0
( 23.600000 54.500000 0.000000 ) ( 62.840568 44.411322 0.000000 ) ( 62.197388 53.443131 0.000000 ) mtrl/invisible 0 0 0 0.5 0.5 0 0 0
( 62.840568 44.411322 0.000000 ) ( 62.197388 53.443131 51.500000 ) ( 62.197388 53.443131 0.000000 ) mtrl/invisible 0 0 0 0.5 0.5 0 0 0
( 62.840568 44.411322 51.500000 ) ( 23.600000 54.500000 51.500000 ) ( 62.197388 53.443131 51.500000 ) mtrl/invisible 0 0 0 0.5 0.5 0 0 0
}
// brush 13
{
( 23.600000 54.500000 0.000000 ) ( 60.375531 62.721198 0.000000 ) ( 23.600000 54.500000 51.500000 ) mtrl/invisible 0 0 0 0.5 0.5 0 0 0
( 62.197388 53.443131 0.000000 ) ( 23.600000 54.500000 0.000000 ) ( 23.600000 54.500000 51.500000 ) mtrl/invisible 0 0 0 0.5 0.5 0 0 0
( 23.600000 54.500000 0.000000 ) ( 62.197388 53.443131 0.000000 ) ( 60.375531 62.721198 0.000000 ) mtrl/invisible 0 0 0 0.5 0.5 0 0 0
( 60.375531 62.721198 51.500000 ) ( 60.375531 62.721198 0.000000 ) ( 62.197388 53.443131 0.000000 ) mtrl/invisible 0 0 0 0.5 0.5 0 0 0
( 62.197388 53.443131 51.500000 ) ( 23.600000 54.500000 51.500000 ) ( 60.375531 62.721198 51.500000 ) mtrl/invisible 0 0 0 0.5 0.5 0 0 0
}
// brush 14
{
( 23.600000 54.500000 0.000000 ) ( 57.325651 72.100502 0.000000 ) ( 23.600000 54.500000 51.500000 ) mtrl/invisible 0 0 0 0.5 0.5 0 0 0
( 60.375531 62.721198 0.000000 ) ( 23.600000 54.500000 0.000000 ) ( 23.600000 54.500000 51.500000 ) mtrl/invisible 0 0 0 0.5 0.5 0 0 0
( 23.600000 54.500000 0.000000 ) ( 60.375531 62.721198 0.000000 ) ( 57.325651 72.100502 0.000000 ) mtrl/invisible 0 0 0 0.5 0.5 0 0 0
( 60.375531 62.721198 0.000000 ) ( 57.325651 72.100502 51.500000 ) ( 57.325651 72.100502 0.000000 ) mtrl/invisible 0 0 0 0.5 0.5 0 0 0
( 60.375531 62.721198 51.500000 ) ( 23.600000 54.500000 51.500000 ) ( 57.325651 72.100502 51.500000 ) mtrl/invisible 0 0 0 0.5 0.5 0 0 0
}
// brush 15
{
( 23.600000 54.500000 0.000000 ) ( 53.015543 81.429192 0.000000 ) ( 23.600000 54.500000 51.500000 ) mtrl/invisible 0 0 0 0.5 0.5 0 0 0
( 57.325651 72.100502 0.000000 ) ( 23.600000 54.500000 0.000000 ) ( 23.600000 54.500000 51.500000 ) mtrl/invisible 0 0 0 0.5 0.5 0 0 0
( 23.600000 54.500000 0.000000 ) ( 57.325651 72.100502 0.000000 ) ( 53.015543 81.429192 0.000000 ) mtrl/invisible 0 0 0 0.5 0.5 0 0 0
( 57.325651 72.100502 0.000000 ) ( 53.015543 81.429192 51.500000 ) ( 53.015543 81.429192 0.000000 ) mtrl/invisible 0 0 0 0.5 0.5 0 0 0
( 53.015543 81.429192 51.500000 ) ( 57.325651 72.100502 51.500000 ) ( 23.600000 54.500000 51.500000 ) mtrl/invisible 0 0 0 0.5 0.5 0 0 0
}
// brush 16
{
( 23.600000 54.500000 0.000000 ) ( 47.430957 90.550555 0.000000 ) ( 23.600000 54.500000 51.500000 ) mtrl/invisible 0 0 0 0.5 0.5 0 0 0
( 53.015543 81.429192 0.000000 ) ( 23.600000 54.500000 0.000000 ) ( 23.600000 54.500000 51.500000 ) mtrl/invisible 0 0 0 0.5 0.5 0 0 0
( 23.600000 54.500000 0.000000 ) ( 53.015543 81.429192 0.000000 ) ( 47.430957 90.550555 0.000000 ) mtrl/invisible 0 0 0 0.5 0.5 0 0 0
( 47.430957 90.550555 51.500000 ) ( 47.430957 90.550555 0.000000 ) ( 53.015543 81.429192 0.000000 ) mtrl/invisible 0 0 0 0.5 0.5 0 0 0
( 53.015543 81.429192 51.500000 ) ( 23.600000 54.500000 51.500000 ) ( 47.430957 90.550555 51.500000 ) mtrl/invisible 0 0 0 0.5 0.5 0 0 0
}
// brush 17
{
( 23.600000 54.500000 0.000000 ) ( 40.576204 99.305072 0.000000 ) ( 23.600000 54.500000 51.500000 ) mtrl/invisible 0 0 0 0.5 0.5 0 0 0
( 47.430957 90.550555 0.000000 ) ( 23.600000 54.500000 0.000000 ) ( 23.600000 54.500000 51.500000 ) mtrl/invisible 0 0 0 0.5 0.5 0 0 0
( 23.600000 54.500000 0.000000 ) ( 47.430957 90.550555 0.000000 ) ( 40.576204 99.305072 0.000000 ) mtrl/invisible 0 0 0 0.5 0.5 0 0 0
( 40.576204 99.305072 51.500000 ) ( 40.576204 99.305072 0.000000 ) ( 47.430957 90.550555 0.000000 ) mtrl/invisible 0 0 0 0.5 0.5 0 0 0
( 47.430957 90.550555 51.500000 ) ( 23.600000 54.500000 51.500000 ) ( 40.576204 99.305072 51.500000 ) mtrl/invisible 0 0 0 0.5 0.5 0 0 0
}
// brush 18
{
( 23.600000 54.500000 0.000000 ) ( 32.474521 107.532540 0.000000 ) ( 23.600000 54.500000 51.500000 ) mtrl/invisible 0 0 0 0.5 0.5 0 0 0
( 40.576204 99.305072 0.000000 ) ( 23.600000 54.500000 0.000000 ) ( 23.600000 54.500000 51.500000 ) mtrl/invisible 0 0 0 0.5 0.5 0 0 0
( 23.600000 54.500000 0.000000 ) ( 40.576204 99.305072 0.000000 ) ( 32.474521 107.532540 0.000000 ) mtrl/invisible 0 0 0 0.5 0.5 0 0 0
( 32.474521 107.532540 51.500000 ) ( 32.474521 107.532540 0.000000 ) ( 40.576204 99.305072 0.000000 ) mtrl/invisible 0 0 0 0.5 0.5 0 0 0
( 40.576204 99.305072 51.500000 ) ( 23.600000 54.500000 51.500000 ) ( 32.474521 107.532540 51.500000 ) mtrl/invisible 0 0 0 0.5 0.5 0 0 0
}
// brush 19
{
( 23.600000 54.500000 0.000000 ) ( 23.168205 115.074242 0.000000 ) ( 23.600000 54.500000 51.500000 ) mtrl/invisible 0 0 0 0.5 0.5 0 0 0
( 32.474521 107.532540 0.000000 ) ( 23.600000 54.500000 0.000000 ) ( 23.600000 54.500000 51.500000 ) mtrl/invisible 0 0 0 0.5 0.5 0 0 0
( 23.600000 54.500000 0.000000 ) ( 32.474521 107.532540 0.000000 ) ( 23.168205 115.074242 0.000000 ) mtrl/invisible 0 0 0 0.5 0.5 0 0 0
( 32.474521 107.532540 0.000000 ) ( 23.168205 115.074242 51.500000 ) ( 23.168205 115.074242 0.000000 ) mtrl/invisible 0 0 0 0.5 0.5 0 0 0
( 32.474521 107.532540 51.500000 ) ( 23.600000 54.500000 51.500000 ) ( 23.168205 115.074242 51.500000 ) mtrl/invisible 0 0 0 0.5 0.5 0 0 0
}
// brush 20
{
( 23.600000 54.500000 0.000000 ) ( 12.718505 121.775125 0.000000 ) ( 23.600000 54.500000 51.500000 ) mtrl/invisible 0 0 0 0.5 0.5 0 0 0
( 23.168205 115.074242 0.000000 ) ( 23.600000 54.500000 0.000000 ) ( 23.600000 54.500000 51.500000 ) mtrl/invisible 0 0 0 0.5 0.5 0 0 0
( 23.600000 54.500000 0.000000 ) ( 23.168205 115.074242 0.000000 ) ( 12.718505 121.775125 0.000000 ) mtrl/invisible 0 0 0 0.5 0.5 0 0 0
( 23.168205 115.074242 0.000000 ) ( 12.718505 121.775125 51.500000 ) ( 12.718505 121.775125 0.000000 ) mtrl/invisible 0 0 0 0.5 0.5 0 0 0
( 12.718505 121.775125 51.500000 ) ( 23.168205 115.074242 51.500000 ) ( 23.600000 54.500000 51.500000 ) mtrl/invisible 0 0 0 0.5 0.5 0 0 0
}
// brush 21
{
( 23.600000 54.500000 0.000000 ) ( 1.205271 127.485969 0.000000 ) ( 23.600000 54.500000 51.500000 ) mtrl/invisible 0 0 0 0.5 0.5 0 0 0
( 12.718505 121.775125 0.000000 ) ( 23.600000 54.500000 0.000000 ) ( 23.600000 54.500000 51.500000 ) mtrl/invisible 0 0 0 0.5 0.5 0 0 0
( 23.600000 54.500000 0.000000 ) ( 12.718505 121.775125 0.000000 ) ( 1.205271 127.485969 0.000000 ) mtrl/invisible 0 0 0 0.5 0.5 0 0 0
( 1.205271 127.485969 51.500000 ) ( 1.205271 127.485969 0.000000 ) ( 12.718505 121.775125 0.000000 ) mtrl/invisible 0 0 0 0.5 0.5 0 0 0
( 1.205271 127.485969 51.500000 ) ( 12.718505 121.775125 51.500000 ) ( 23.600000 54.500000 51.500000 ) mtrl/invisible 0 0 0 0.5 0.5 0 0 0
}
// brush 22
{
( 23.600000 54.500000 0.000000 ) ( -11.273638 132.065526 0.000000 ) ( 23.600000 54.500000 51.500000 ) mtrl/invisible 0 0 0 0.5 0.5 0 0 0
( 1.205271 127.485969 0.000000 ) ( 23.600000 54.500000 0.000000 ) ( 23.600000 54.500000 51.500000 ) mtrl/invisible 0 0 0 0.5 0.5 0 0 0
( 23.600000 54.500000 0.000000 ) ( 1.205271 127.485969 0.000000 ) ( -11.273638 132.065526 0.000000 ) mtrl/invisible 0 0 0 0.5 0.5 0 0 0
( -11.273638 132.065526 51.500000 ) ( -11.273638 132.065526 0.000000 ) ( 1.205271 127.485969 0.000000 ) mtrl/invisible 0 0 0 0.5 0.5 0 0 0
( 1.205271 127.485969 51.500000 ) ( 23.600000 54.500000 51.500000 ) ( -11.273638 132.065526 51.500000 ) mtrl/invisible 0 0 0 0.5 0.5 0 0 0
}
// brush 23
{
( 23.600000 54.500000 0.000000 ) ( -24.603185 135.382581 0.000000 ) ( 23.600000 54.500000 51.500000 ) mtrl/invisible 0 0 0 0.5 0.5 0 0 0
( -11.273638 132.065526 0.000000 ) ( 23.600000 54.500000 0.000000 ) ( 23.600000 54.500000 51.500000 ) mtrl/invisible 0 0 0 0.5 0.5 0 0 0
( 23.600000 54.500000 0.000000 ) ( -11.273638 132.065526 0.000000 ) ( -24.603185 135.382581 0.000000 ) mtrl/invisible 0 0 0 0.5 0.5 0 0 0
( -24.603185 135.382581 51.500000 ) ( -24.603185 135.382581 0.000000 ) ( -11.273638 132.065526 0.000000 ) mtrl/invisible 0 0 0 0.5 0.5 0 0 0
( -24.603185 135.382581 51.500000 ) ( -11.273638 132.065526 51.500000 ) ( 23.600000 54.500000 51.500000 ) mtrl/invisible 0 0 0 0.5 0.5 0 0 0
}
}
