// Game: Neverball
// Format: Quake3
// entity 0
{
"classname" "worldspawn"
// brush 0
{
( 47.300000 -45.200000 0.000000 ) ( 47.286040 3.099291 0.000000 ) ( 47.300000 -45.200000 12.000000 ) mtrl/invisible 0 0 0 0.5 0.5 0 0 0
( 50.300000 0.000000 0.000000 ) ( 47.300000 -45.200000 0.000000 ) ( 47.300000 -45.200000 12.000000 ) mtrl/invisible 0 0 0 0.5 0.5 0 0 0
( 47.300000 -45.200000 0.000000 ) ( 50.300000 0.000000 0.000000 ) ( 47.286040 3.099291 0.000000 ) mtrl/invisible 0 0 0 0.5 0.5 0 0 0
( 47.286040 3.099291 12.000000 ) ( 47.286040 3.099291 0.000000 ) ( 50.300000 0.000000 0.000000 ) mtrl/invisible 0 0 0 0.5 0.5 0 0 0
( 47.286040 3.099291 12.000000 ) ( 50.300000 0.000000 12.000000 ) ( 47.300000 -45.200000 12.000000 ) mtrl/invisible 0 0 0 0.5 0.5 0 0 0
}
// brush 1
{
( 47.300000 -45.200000 0.000000 ) ( 44.094510 5.805152 0.000000 ) ( 47.300000 -45.200000 12.000000 ) mtrl/invisible 0 0 0 0.5 0.5 0 0 0
( 47.286040 3.099291 0.000000 ) ( 47.300000 -45.200000 0.000000 ) ( 47.300000 -45.200000 12.000000 ) mtrl/invisible 0 0 0 0.5 0.5 0 0 0
( 47.300000 -45.200000 0.000000 ) ( 47.286040 3.099291 0.000000 ) ( 44.094510 5.805152 0.000000 ) mtrl/invisible 0 0 0 0.5 0.5 0 0 0
( 44.094510 5.805152 12.000000 ) ( 44.094510 5.805152 0.000000 ) ( 47.286040 3.099291 0.000000 ) mtrl/invisible 0 0 0 0.5 0.5 0 0 0
( 47.286040 3.099291 12.000000 ) ( 47.300000 -45.200000 12.000000 ) ( 44.094510 5.805152 12.000000 ) mtrl/invisible 0 0 0 0.5 0.5 0 0 0
}
// brush 2
{
( 47.300000 -45.200000 0.000000 ) ( 40.763888 8.108442 0.000000 ) ( 47.300000 -45.200000 12.000000 ) mtrl/invisible 0 0 0 0.5 0.5 0 0 0
( 44.094510 5.805152 0.000000 ) ( 47.300000 -45.200000 0.000000 ) ( 47.300000 -45.200000 12.000000 ) mtrl/invisible 0 0 0 0.5 0.5 0 0 0
( 47.300000 -45.200000 0.000000 ) ( 44.094510 5.805152 0.000000 ) ( 40.763888 8.108442 0.000000 ) mtrl/invisible 0 0 0 0.5 0.5 0 0 0
( 40.763888 8.108442 12.000000 ) ( 40.763888 8.108442 0.000000 ) ( 44.094510 5.805152 0.000000 ) mtrl/invisible 0 0 0 0.5 0.5 0 0 0
( 44.094510 5.805152 12.000000 ) ( 47.300000 -45.200000 12.000000 ) ( 40.763888 8.108442 12.000000 ) mtrl/invisible 0 0 0 0.5 0.5 0 0 0
}
// brush 3
{
( 47.300000 -45.200000 0.000000 ) ( 37.333033 10.003356 0.000000 ) ( 47.300000 -45.200000 12.000000 ) mtrl/invisible 0 0 0 0.5 0.5 0 0 0
( 40.763888 8.108442 0.000000 ) ( 47.300000 -45.200000 0.000000 ) ( 47.300000 -45.200000 12.000000 ) mtrl/invisible 0 0 0 0.5 0.5 0 0 0
( 47.300000 -45.200000 0.000000 ) ( 40.763888 8.108442 0.000000 ) ( 37.333033 10.003356 0.000000 ) mtrl/invisible 0 0 0 0.5 0.5 0 0 0
( 40.763888 8.108442 0.000000 ) ( 37.333033 10.003356 12.000000 ) ( 37.333033 10.003356 0.000000 ) mtrl/invisible 0 0 0 0.5 0.5 0 0 0
( 37.333033 10.003356 12.000000 ) ( 40.763888 8.108442 12.000000 ) ( 47.300000 -45.200000 12.000000 ) mtrl/invisible 0 0 0 0.5 0.5 0 0 0
}
// brush 4
{
( 47.300000 -45.200000 0.000000 ) ( 33.840916 11.487443 0.000000 ) ( 47.300000 -45.200000 12.000000 ) mtrl/invisible 0 0 0 0.5 0.5 0 0 0
( 37.333033 10.003356 0.000000 ) ( 47.300000 -45.200000 0.000000 ) ( 47.300000 -45.200000 12.000000 ) mtrl/invisible 0 0 0 0.5 0.5 0 0 0
( 47.300000 -45.200000 0.000000 ) ( 37.333033 10.003356 0.000000 ) ( 33.840916 11.487443 0.000000 ) mtrl/invisible 0 0 0 0.5 0.5 0 0 0
( 33.840916 11.487443 12.000000 ) ( 33.840916 11.487443 0.000000 ) ( 37.333033 10.003356 0.000000 ) mtrl/invisible 0 0 0 0.5 0.5 0 0 0
( 37.333033 10.003356 12.000000 ) ( 47.300000 -45.200000 12.000000 ) ( 33.840916 11.487443 12.000000 ) mtrl/invisible 0 0 0 0.5 0.5 0 0 0
}
// brush 5
{
( 47.300000 -45.200000 0.000000 ) ( 30.326346 12.561584 0.000000 ) ( 47.300000 -45.200000 12.000000 ) mtrl/invisible 0 0 0 0.5 0.5 0 0 0
( 33.840916 11.487443 0.000000 ) ( 47.300000 -45.200000 0.000000 ) ( 47.300000 -45.200000 12.000000 ) mtrl/invisible 0 0 0 0.5 0.5 0 0 0
( 47.300000 -45.200000 0.000000 ) ( 33.840916 11.487443 0.000000 ) ( 30.326346 12.561584 0.000000 ) mtrl/invisible 0 0 0 0.5 0.5 0 0 0
( 33.840916 11.487443 0.000000 ) ( 30.326346 12.561584 12.000000 ) ( 30.326346 12.561584 0.000000 ) mtrl/invisible 0 0 0 0.5 0.5 0 0 0
( 33.840916 11.487443 12.000000 ) ( 47.300000 -45.200000 12.000000 ) ( 30.326346 12.561584 12.000000 ) mtrl/invisible 0 0 0 0.5 0.5 0 0 0
}
// brush 6
{
( 47.300000 -45.200000 0.000000 ) ( 26.827706 13.229960 0.000000 ) ( 47.300000 -45.200000 12.000000 ) mtrl/invisible 0 0 0 0.5 0.5 0 0 0
( 30.326346 12.561584 0.000000 ) ( 47.300000 -45.200000 0.000000 ) ( 47.300000 -45.200000 12.000000 ) mtrl/invisible 0 0 0 0.5 0.5 0 0 0
( 47.300000 -45.200000 0.000000 ) ( 30.326346 12.561584 0.000000 ) ( 26.827706 13.229960 0.000000 ) mtrl/invisible 0 0 0 0.5 0.5 0 0 0
( 26.827706 13.229960 12.000000 ) ( 26.827706 13.229960 0.000000 ) ( 30.326346 12.561584 0.000000 ) mtrl/invisible 0 0 0 0.5 0.5 0 0 0
( 30.326346 12.561584 12.000000 ) ( 47.300000 -45.200000 12.000000 ) ( 26.827706 13.229960 12.000000 ) mtrl/invisible 0 0 0 0.5 0.5 0 0 0
}
// brush 7
{
( 47.300000 -45.200000 0.000000 ) ( 23.382686 13.500000 0.000000 ) ( 47.300000 -45.200000 12.000000 ) mtrl/invisible 0 0 0 0.5 0.5 0 0 0
( 26.827706 13.229960 0.000000 ) ( 47.300000 -45.200000 0.000000 ) ( 47.300000 -45.200000 12.000000 ) mtrl/invisible 0 0 0 0.5 0.5 0 0 0
( 47.300000 -45.200000 0.000000 ) ( 26.827706 13.229960 0.000000 ) ( 23.382686 13.500000 0.000000 ) mtrl/invisible 0 0 0 0.5 0.5 0 0 0
( 26.827706 13.229960 0.000000 ) ( 23.382686 13.500000 12.000000 ) ( 23.382686 13.500000 0.000000 ) mtrl/invisible 0 0 0 0.5 0.5 0 0 0
( 26.827706 13.229960 12.000000 ) ( 47.300000 -45.200000 12.000000 ) ( 23.382686 13.500000 12.000000 ) mtrl/invisible 0 0 0 0.5 0.5 0 0 0
}
// brush 8
{
( 23.382686 13.500000 0.000000 ) ( 47.300000 -45.200000 0.000000 ) ( 47.300000 -45.200000 12.000000 ) mtrl/invisible 0 0 0 0.5 0.5 0 0 0
( 47.300000 -45.200000 0.000000 ) ( 20.028024 13.382298 0.000000 ) ( 47.300000 -45.200000 12.000000 ) mtrl/invisible 0 0 0 0.5 0.5 0 0 0
( 20.028024 13.382298 0.000000 ) ( 47.300000 -45.200000 0.000000 ) ( 23.382686 13.500000 0.000000 ) mtrl/invisible 0 0 0 0.5 0.5 0 0 0
( 20.028024 13.382298 12.000000 ) ( 20.028024 13.382298 0.000000 ) ( 23.382686 13.500000 0.000000 ) mtrl/invisible 0 0 0 0.5 0.5 0 0 0
( 23.382686 13.500000 12.000000 ) ( 47.300000 -45.200000 12.000000 ) ( 20.028024 13.382298 12.000000 ) mtrl/invisible 0 0 0 0.5 0.5 0 0 0
}
// brush 9
{
( 20.028024 13.382298 0.000000 ) ( 47.300000 -45.200000 0.000000 ) ( 47.300000 -45.200000 12.000000 ) mtrl/invisible 0 0 0 0.5 0.5 0 0 0
( 47.300000 -45.200000 0.000000 ) ( 16.799257 12.890523 0.000000 ) ( 47.300000 -45.200000 12.000000 ) mtrl/invisible 0 0 0 0.5 0.5 0 0 0
( 16.799257 12.890523 0.000000 ) ( 47.300000 -45.200000 0.000000 ) ( 20.028024 13.382298 0.000000 ) mtrl/invisible 0 0 0 0.5 0.5 0 0 0
( 20.028024 13.382298 0.000000 ) ( 16.799257 12.890523 12.000000 ) ( 16.799257 12.890523 0.000000 ) mtrl/invisible 0 0 0 0.5 0.5 0 0 0
( 20.028024 13.382298 12.000000 ) ( 47.300000 -45.200000 12.000000 ) ( 16.799257 12.890523 12.000000 ) mtrl/invisible 0 0 0 0.5 0.5 0 0 0
}
// brush 10
{
( 16.799257 12.890523 0.000000 ) ( 47.300000 -45.200000 0.000000 ) ( 47.300000 -45.200000 12.000000 ) mtrl/invisible 0 0 0 0.5 0.5 0 0 0
( 47.300000 -45.200000 0.000000 ) ( 13.730474 12.041303 0.000000 ) ( 47.300000 -45.200000 12.000000 ) mtrl/invisible 0 0 0 0.5 0.5 0 0 0
( 13.730474 12.041303 0.000000 ) ( 47.300000 -45.200000 0.000000 ) ( 16.799257 12.890523 0.000000 ) mtrl/invisible 0 0 0 0.5 0.5 0 0 0
( 13.730474 12.041303 12.000000 ) ( 13.730474 12.041303 0.000000 ) ( 16.799257 12.890523 0.000000 ) mtrl/invisible 0 0 0 0.5 0.5 0 0 0
( 16.799257 12.890523 12.000000 ) ( 47.300000 -45.200000 12.000000 ) ( 13.730474 12.041303 12.000000 ) mtrl/invisible 0 0 0 0.5 0.5 0 0 0
}
// brush 11
{
( 13.730474 12.041303 0.000000 ) ( 47.300000 -45.200000 0.000000 ) ( 47.300000 -45.200000 12.000000 ) mtrl/invisible 0 0 0 0.5 0.5 0 0 0
( 47.300000 -45.200000 0.000000 ) ( 10.854089 10.854089 0.000000 ) ( 47.300000 -45.200000 12.000000 ) mtrl/invisible 0 0 0 0.5 0.5 0 0 0
( 10.854089 10.854089 0.000000 ) ( 47.300000 -45.200000 0.000000 ) ( 13.730474 12.041303 0.000000 ) mtrl/invisible 0 0 0 0.5 0.5 0 0 0
( 10.854089 10.854089 12.000000 ) ( 10.854089 10.854089 0.000000 ) ( 13.730474 12.041303 0.000000 ) mtrl/invisible 0 0 0 0.5 0.5 0 0 0
( 13.730474 12.041303 12.000000 ) ( 47.300000 -45.200000 12.000000 ) ( 10.854089 10.854089 12.000000 ) mtrl/invisible 0 0 0 0.5 0.5 0 0 0
}
// brush 12
{
( 10.854089 10.854089 0.000000 ) ( 47.300000 -45.200000 0.000000 ) ( 47.300000 -45.200000 12.000000 ) mtrl/invisible 0 0 0 0.5 0.5 0 0 0
( 47.300000 -45.200000 0.000000 ) ( 8.200614 9.351008 0.000000 ) ( 47.300000 -45.200000 12.000000 ) mtrl/invisible 0 0 0 0.5 0.5 0 0 0
( 8.200614 9.351008 0.000000 ) ( 47.300000 -45.200000 0.000000 ) ( 10.854089 10.854089 0.000000 ) mtrl/invisible 0 0 0 0.5 0.5 0 0 0
( 10.854089 10.854089 0.000000 ) ( 8.200614 9.351008 12.000000 ) ( 8.200614 9.351008 0.000000 ) mtrl/invisible 0 0 0 0.5 0.5 0 0 0
( 8.200614 9.351008 12.000000 ) ( 10.854089 10.854089 12.000000 ) ( 47.300000 -45.200000 12.000000 ) mtrl/invisible 0 0 0 0.5 0.5 0 0 0
}
// brush 13
{
( 8.200614 9.351008 0.000000 ) ( 47.300000 -45.200000 0.000000 ) ( 47.300000 -45.200000 12.000000 ) mtrl/invisible 0 0 0 0.5 0.5 0 0 0
( 47.300000 -45.200000 0.000000 ) ( 5.798453 7.556691 0.000000 ) ( 47.300000 -45.200000 12.000000 ) mtrl/invisible 0 0 0 0.5 0.5 0 0 0
( 5.798453 7.556691 0.000000 ) ( 47.300000 -45.200000 0.000000 ) ( 8.200614 9.351008 0.000000 ) mtrl/invisible 0 0 0 0.5 0.5 0 0 0
( 5.798453 7.556691 12.000000 ) ( 5.798453 7.556691 0.000000 ) ( 8.200614 9.351008 0.000000 ) mtrl/invisible 0 0 0 0.5 0.5 0 0 0
( 5.798453 7.556691 12.000000 ) ( 8.200614 9.351008 12.000000 ) ( 47.300000 -45.200000 12.000000 ) mtrl/invisible 0 0 0 0.5 0.5 0 0 0
}
// brush 14
{
( 5.798453 7.556691 0.000000 ) ( 47.300000 -45.200000 0.000000 ) ( 47.300000 -45.200000 12.000000 ) mtrl/invisible 0 0 0 0.5 0.5 0 0 0
( 47.300000 -45.200000 0.000000 ) ( 3.673708 5.498093 0.000000 ) ( 47.300000 -45.200000 12.000000 ) mtrl/invisible 0 0 0 0.5 0.5 0 0 0
( 3.673708 5.498093 0.000000 ) ( 47.300000 -45.200000 0.000000 ) ( 5.798453 7.556691 0.000000 ) mtrl/invisible 0 0 0 0.5 0.5 0 0 0
( 5.798453 7.556691 0.000000 ) ( 3.673708 5.498093 12.000000 ) ( 3.673708 5.498093 0.000000 ) mtrl/invisible 0 0 0 0.5 0.5 0 0 0
( 5.798453 7.556691 12.000000 ) ( 47.300000 -45.200000 12.000000 ) ( 3.673708 5.498093 12.000000 ) mtrl/invisible 0 0 0 0.5 0.5 0 0 0
}
// brush 15
{
( 3.673708 5.498093 0.000000 ) ( 47.300000 -45.200000 0.000000 ) ( 47.300000 -45.200000 12.000000 ) mtrl/invisible 0 0 0 0.5 0.5 0 0 0
( 47.300000 -45.200000 0.000000 ) ( 1.850000 3.204294 0.000000 ) ( 47.300000 -45.200000 12.000000 ) mtrl/invisible 0 0 0 0.5 0.5 0 0 0
( 1.850000 3.204294 0.000000 ) ( 47.300000 -45.200000 0.000000 ) ( 3.673708 5.498093 0.000000 ) mtrl/invisible 0 0 0 0.5 0.5 0 0 0
( 1.850000 3.204294 12.000000 ) ( 1.850000 3.204294 0.000000 ) ( 3.673708 5.498093 0.000000 ) mtrl/invisible 0 0 0 0.5 0.5 0 0 0
( 3.673708 5.498093 12.000000 ) ( 47.300000 -45.200000 12.000000 ) ( 1.850000 3.204294 12.000000 ) mtrl/invisible 0 0 0 0.5 0.5 0 0 0
}
// brush 16
{
( 1.850000 3.204294 0.000000 ) ( 47.300000 -45.200000 0.000000 ) ( 47.300000 -45.200000 12.000000 ) mtrl/invisible 0 0 0 0.5 0.5 0 0 0
( 47.300000 -45.200000 0.000000 ) ( 0.348302 0.706287 0.000000 ) ( 47.300000 -45.200000 12.000000 ) mtrl/invisible 0 0 0 0.5 0.5 0 0 0
( 0.348302 0.706287 0.000000 ) ( 47.300000 -45.200000 0.000000 ) ( 1.850000 3.204294 0.000000 ) mtrl/invisible 0 0 0 0.5 0.5 0 0 0
( 0.348302 0.706287 12.000000 ) ( 0.348302 0.706287 0.000000 ) ( 1.850000 3.204294 0.000000 ) mtrl/invisible 0 0 0 0.5 0.5 0 0 0
( 0.348302 0.706287 12.000000 ) ( 1.850000 3.204294 12.000000 ) ( 47.300000 -45.200000 12.000000 ) mtrl/invisible 0 0 0 0.5 0.5 0 0 0
}
// brush 17
{
( 0.348302 0.706287 0.000000 ) ( 47.300000 -45.200000 0.000000 ) ( 47.300000 -45.200000 12.000000 ) mtrl/invisible 0 0 0 0.5 0.5 0 0 0
( 47.300000 -45.200000 0.000000 ) ( -0.813202 -1.963244 0.000000 ) ( 47.300000 -45.200000 12.000000 ) mtrl/invisible 0 0 0 0.5 0.5 0 0 0
( -0.813202 -1.963244 0.000000 ) ( 47.300000 -45.200000 0.000000 ) ( 0.348302 0.706287 0.000000 ) mtrl/invisible 0 0 0 0.5 0.5 0 0 0
( -0.813202 -1.963244 12.000000 ) ( -0.813202 -1.963244 0.000000 ) ( 0.348302 0.706287 0.000000 ) mtrl/invisible 0 0 0 0.5 0.5 0 0 0
( -0.813202 -1.963244 12.000000 ) ( 0.348302 0.706287 12.000000 ) ( 47.300000 -45.200000 12.000000 ) mtrl/invisible 0 0 0 0.5 0.5 0 0 0
}
// brush 18
{
( -0.813202 -1.963244 0.000000 ) ( 47.300000 -45.200000 0.000000 ) ( 47.300000 -45.200000 12.000000 ) mtrl/invisible 0 0 0 0.5 0.5 0 0 0
( 47.300000 -45.200000 0.000000 ) ( -1.619251 -4.770161 0.000000 ) ( 47.300000 -45.200000 12.000000 ) mtrl/invisible 0 0 0 0.5 0.5 0 0 0
( -1.619251 -4.770161 0.000000 ) ( 47.300000 -45.200000 0.000000 ) ( -0.813202 -1.963244 0.000000 ) mtrl/invisible 0 0 0 0.5 0.5 0 0 0
( -1.619251 -4.770161 12.000000 ) ( -1.619251 -4.770161 0.000000 ) ( -0.813202 -1.963244 0.000000 ) mtrl/invisible 0 0 0 0.5 0.5 0 0 0
( -1.619251 -4.770161 12.000000 ) ( -0.813202 -1.963244 12.000000 ) ( 47.300000 -45.200000 12.000000 ) mtrl/invisible 0 0 0 0.5 0.5 0 0 0
}
// brush 19
{
( -1.619251 -4.770161 0.000000 ) ( 47.300000 -45.200000 0.000000 ) ( 47.300000 -45.200000 12.000000 ) mtrl/invisible 0 0 0 0.5 0.5 0 0 0
( 47.300000 -45.200000 0.000000 ) ( -2.057611 -7.679110 0.000000 ) ( 47.300000 -45.200000 12.000000 ) mtrl/invisible 0 0 0 0.5 0.5 0 0 0
( -2.057611 -7.679110 0.000000 ) ( 47.300000 -45.200000 0.000000 ) ( -1.619251 -4.770161 0.000000 ) mtrl/invisible 0 0 0 0.5 0.5 0 0 0
( -2.057611 -7.679110 12.000000 ) ( -2.057611 -7.679110 0.000000 ) ( -1.619251 -4.770161 0.000000 ) mtrl/invisible 0 0 0 0.5 0.5 0 0 0
( -2.057611 -7.679110 12.000000 ) ( -1.619251 -4.770161 12.000000 ) ( 47.300000 -45.200000 12.000000 ) mtrl/invisible 0 0 0 0.5 0.5 0 0 0
}
// brush 20
{
( -2.057611 -7.679110 0.000000 ) ( 47.300000 -45.200000 0.000000 ) ( 47.300000 -45.200000 12.000000 ) mtrl/invisible 0 0 0 0.5 0.5 0 0 0
( 47.300000 -45.200000 0.000000 ) ( -2.119169 -10.653780 0.000000 ) ( 47.300000 -45.200000 12.000000 ) mtrl/invisible 0 0 0 0.5 0.5 0 0 0
( -2.119169 -10.653780 0.000000 ) ( 47.300000 -45.200000 0.000000 ) ( -2.057611 -7.679110 0.000000 ) mtrl/invisible 0 0 0 0.5 0.5 0 0 0
( -2.057611 -7.679110 0.000000 ) ( -2.119169 -10.653780 12.000000 ) ( -2.119169 -10.653780 0.000000 ) mtrl/invisible 0 0 0 0.5 0.5 0 0 0
( -2.057611 -7.679110 12.000000 ) ( 47.300000 -45.200000 12.000000 ) ( -2.119169 -10.653780 12.000000 ) mtrl/invisible 0 0 0 0.5 0.5 0 0 0
}
// brush 21
{
( 47.300000 -45.200000 0.000000 ) ( -1.797998 -13.657153 0.000000 ) ( 47.300000 -45.200000 12.000000 ) mtrl/invisible 0 0 0 0.5 0.5 0 0 0
( -2.119169 -10.653780 0.000000 ) ( 47.300000 -45.200000 0.000000 ) ( 47.300000 -45.200000 12.000000 ) mtrl/invisible 0 0 0 0.5 0.5 0 0 0
( 47.300000 -45.200000 0.000000 ) ( -2.119169 -10.653780 0.000000 ) ( -1.797998 -13.657153 0.000000 ) mtrl/invisible 0 0 0 0.5 0.5 0 0 0
( -2.119169 -10.653780 0.000000 ) ( -1.797998 -13.657153 12.000000 ) ( -1.797998 -13.657153 0.000000 ) mtrl/invisible 0 0 0 0.5 0.5 0 0 0
( -2.119169 -10.653780 12.000000 ) ( 47.300000 -45.200000 12.000000 ) ( -1.797998 -13.657153 12.000000 ) mtrl/invisible 0 0 0 0.5 0.5 0 0 0
}
// brush 22
{
( 47.300000 -45.200000 0.000000 ) ( -1.091415 -16.651771 0.000000 ) ( 47.300000 -45.200000 12.000000 ) mtrl/invisible 0 0 0 0.5 0.5 0 0 0
( -1.797998 -13.657153 0.000000 ) ( 47.300000 -45.200000 0.000000 ) ( 47.300000 -45.200000 12.000000 ) mtrl/invisible 0 0 0 0.5 0.5 0 0 0
( 47.300000 -45.200000 0.000000 ) ( -1.797998 -13.657153 0.000000 ) ( -1.091415 -16.651771 0.000000 ) mtrl/invisible 0 0 0 0.5 0.5 0 0 0
( -1.797998 -13.657153 0.000000 ) ( -1.091415 -16.651771 12.000000 ) ( -1.091415 -16.651771 0.000000 ) mtrl/invisible 0 0 0 0.5 0.5 0 0 0
( -1.091415 -16.651771 12.000000 ) ( -1.797998 -13.657153 12.000000 ) ( 47.300000 -45.200000 12.000000 ) mtrl/invisible 0 0 0 0.5 0.5 0 0 0
}
// brush 23
{
( 47.300000 -45.200000 0.000000 ) ( -0.000000 -19.600000 0.000000 ) ( 47.300000 -45.200000 12.000000 ) mtrl/invisible 0 0 0 0.5 0.5 0 0 0
( -1.091415 -16.651771 0.000000 ) ( 47.300000 -45.200000 0.000000 ) ( 47.300000 -45.200000 12.000000 ) mtrl/invisible 0 0 0 0.5 0.5 0 0 0
( 47.300000 -45.200000 0.000000 ) ( -1.091415 -16.651771 0.000000 ) ( -0.000000 -19.600000 0.000000 ) mtrl/invisible 0 0 0 0.5 0.5 0 0 0
( -0.000000 -19.600000 12.000000 ) ( -0.000000 -19.600000 0.000000 ) ( -1.091415 -16.651771 0.000000 ) mtrl/invisible 0 0 0 0.5 0.5 0 0 0
( -1.091415 -16.651771 12.000000 ) ( 47.300000 -45.200000 12.000000 ) ( -0.000000 -19.600000 12.000000 ) mtrl/invisible 0 0 0 0.5 0.5 0 0 0
}
}
