// Game: FALLSTRUKTUR - mosa
// Format: Standard
// entity 0
{
"classname" "worldspawn"
"_tb_textures" "."
"_tb_mod" "textures"
// brush 0
{
( -128 -32 -144 ) ( -128 -31 -144 ) ( -128 -32 -143 ) bg_grey 16 0 0 0.5 0.5
( -32 -128 -144 ) ( -32 -128 -143 ) ( -31 -128 -144 ) bg_grey 16 0 0 0.5 0.5
( -32 -32 -144 ) ( -31 -32 -144 ) ( -32 -31 -144 ) bg_grey 16 -16 0 0.5 0.5
( 48 32 -128 ) ( 48 33 -128 ) ( 49 32 -128 ) bg_grey 16 -16 0 0.5 0.5
( 48 128 -128 ) ( 49 128 -128 ) ( 48 128 -127 ) bg_grey 16 0 0 0.5 0.5
( 128 32 -128 ) ( 128 32 -127 ) ( 128 33 -128 ) bg_grey 16 0 0 0.5 0.5
}
// brush 1
{
( -128 -32 112 ) ( -128 -31 112 ) ( -128 -32 113 ) bg_grey 16 0 0 0.5 0.5
( -32 -128 112 ) ( -32 -128 113 ) ( -31 -128 112 ) bg_grey 16 0 0 0.5 0.5
( -32 -32 112 ) ( -31 -32 112 ) ( -32 -31 112 ) bg_grey 16 -16 0 0.5 0.5
( 48 32 128 ) ( 48 33 128 ) ( 49 32 128 ) bg_grey 16 -16 0 0.5 0.5
( 48 128 128 ) ( 49 128 128 ) ( 48 128 129 ) bg_grey 16 0 0 0.5 0.5
( 128 32 128 ) ( 128 32 129 ) ( 128 33 128 ) bg_grey 16 0 0 0.5 0.5
}
// brush 2
{
( 128 32 48 ) ( 128 33 48 ) ( 128 32 49 ) bg_grey 16 -16 90 0.5 -0.5
( 144 -128 -32 ) ( 143 -128 -32 ) ( 144 -128 -31 ) bg_grey 16 0 90 0.5 0.5
( 144 -32 -128 ) ( 144 -31 -128 ) ( 143 -32 -128 ) bg_grey 16 0 90 0.5 0.5
( 128 32 128 ) ( 127 32 128 ) ( 128 33 128 ) bg_grey 16 0 90 0.5 0.5
( 128 128 48 ) ( 128 128 49 ) ( 127 128 48 ) bg_grey 16 0 90 0.5 0.5
( 144 -32 -32 ) ( 144 -32 -31 ) ( 144 -31 -32 ) bg_grey 16 -16 90 0.5 -0.5
}
// brush 3
{
( -144 32 48 ) ( -144 33 48 ) ( -144 32 49 ) bg_grey 16 -16 90 0.5 -0.5
( -128 -128 -32 ) ( -129 -128 -32 ) ( -128 -128 -31 ) bg_grey 16 -32 90 0.5 0.5
( -128 -32 -128 ) ( -128 -31 -128 ) ( -129 -32 -128 ) bg_grey 16 -32 90 0.5 0.5
( -144 32 128 ) ( -145 32 128 ) ( -144 33 128 ) bg_grey 16 -32 90 0.5 0.5
( -144 128 48 ) ( -144 128 49 ) ( -145 128 48 ) bg_grey 16 -32 90 0.5 0.5
( -128 -32 -32 ) ( -128 -32 -31 ) ( -128 -31 -32 ) bg_grey 16 -16 90 0.5 -0.5
}
// brush 4
{
( -128 -144 -48 ) ( -128 -143 -48 ) ( -128 -144 -47 ) bg_grey 48 0 90 0.5 -0.5
( -32 -144 -48 ) ( -32 -144 -47 ) ( -31 -144 -48 ) bg_grey 48 -16 90 0.5 -0.5
( -32 -144 -144 ) ( -31 -144 -144 ) ( -32 -143 -144 ) bg_grey 16 0 0 0.5 0.5
( 32 -128 112 ) ( 32 -127 112 ) ( 33 -128 112 ) bg_grey 16 0 0 0.5 0.5
( 32 -128 32 ) ( 33 -128 32 ) ( 32 -128 33 ) bg_grey 48 -16 90 0.5 -0.5
( 128 -128 32 ) ( 128 -128 33 ) ( 128 -127 32 ) bg_grey 48 0 90 0.5 -0.5
}
// brush 5
{
( -128 128 -32 ) ( -128 129 -32 ) ( -128 128 -31 ) bg_grey 16 -32 90 0.5 -0.5
( -32 128 -32 ) ( -32 128 -31 ) ( -31 128 -32 ) bg_grey 16 -16 90 0.5 -0.5
( -32 128 -128 ) ( -31 128 -128 ) ( -32 129 -128 ) bg_grey 16 -32 0 0.5 0.5
( 32 144 128 ) ( 32 145 128 ) ( 33 144 128 ) bg_grey 16 -32 0 0.5 0.5
( 32 144 48 ) ( 33 144 48 ) ( 32 144 49 ) bg_grey 16 -16 90 0.5 -0.5
( 128 144 48 ) ( 128 144 49 ) ( 128 145 48 ) bg_grey 16 -32 90 0.5 -0.5
}
}
